$ 1 0.0000049999999999999996 42.05934401203833 53 5 43 5e-11
v -64 560 -64 368 0 1 40 5 0 0 0.5
w -64 560 -32 560 0
w -32 368 -64 368 0
w -16 560 -32 560 0
w -16 368 -32 368 0
w 192 384 192 368 0
w 192 448 192 432 0
34 zener-2.4 0 1.7143528192810002e-7 0 1 2.4 0
z 192 432 192 384 2 zener-2.4
r 272 368 272 560 0 1000
w 128 560 272 560 0
w 192 368 272 368 0
w 160 368 192 368 0
w 128 448 192 448 0
w 128 560 -16 560 0
w 96 368 -16 368 0
w 96 368 112 368 0
w 160 368 144 368 0
r 128 448 128 560 0 220
f 128 448 128 368 33 2.4 0.02
403 -496 384 -112 480 0 0_64_0_4098_5_0.025_-1_2_0_3
403 -496 480 -112 608 0 8_64_0_4354_5_0.0125_-1_2_8_3
403 -496 288 -112 384 0 18_64_0_4098_5_0.00625_-1_2_18_3
